49.
98.
49.
81.
76.
106.
73.
58.
68.
42.
72.
117.
71.
124.
364.
88.
69.
61.
109.
84.
116.
90.
158.
52.
100.
91.
85.
123.
41.
110.
83.
53.
171.
109.
115.
117.
108.
141.
139.
62.
37.
88.
68.
96.
69.
95.
106.
88.
148.
244.
102.
139.
108.
101.
61.
110.
119.
69.
69.
48.
180.
112.
105.
55.
166.
176.
112.
120.
63.
107.
56.
129.
103.
53.
125.
108.
148.
148.
139.
73.
56.
88.
28.
75.
17.
68.
192.
172.
144.
157.
354.
216.
80.
46.
93.
100.
98.
102.
118.
104.
77.
41.
68.
68.
62.
102.
132.
127.
105.
127.
120.
105.
69.
136.
99.
141.
52.
108.
137.
134.
165.
125.
101.
68.
146.
106.
63.
64.
82.
55.
21.
34.
158.
156.
106.
103.
147.
97.
178.
118.
116.
85.
106.
94.
53.
103.
43.
54.
90.
48.
91.
102.
103.
107.
120.
65.
118.
78.
68.
102.
116.
111.
147.
156.
109.
58.
30.
186.
48.
111.
148.
140.
117.
85.
89.
141.
136.
78.
130.
124.
92.
131.
110.
102.
30.
214.
161.
123.
82.
84.
79.
61.
88.
150.
89.
153.
68.
86.
107.
99.
113.
60.
92.
84.
84.
250.
151.
140.
114.
73.
118.
87.
89.
169.
172.
98.
147.
142.
69.
54.
55.
128.
95.
41.
140.
127.
66.
162.
122.
92.
61.
104.
108.
127.
62.
97.
72.
78.
126.
114.
231.
101.
59.
56.
79.
36.
87.
118.
127.
122.
67.
140.
132.
113.
139.
100.
98.
116.
65.
29.
26.
75.
51.
96.
129.
100.
165.
129.
191.
53.
83.
37.
70.
44.
60.
67.
83.
97.
95.
77.
51.
28.
30.
95.
115.
136.
103.
